0.0 -0.032083355 0.026910795 -0.03162945051533393 0.0255989665696731 
0.03535353535353535 -0.02687013 0.015730051 -0.02664074837720843 0.01582102657960862 
0.0707070707070707 -0.01936928 0.0068887975 -0.02018914459675882 0.007155769250865987 
0.10606060606060605 -0.011883823 -0.00013040379 -0.01285734314519506 -0.000316372272464973 
0.1414141414141414 -0.004694933 -0.005713163 -0.005212031040905868 -0.006542276712373275 
0.17676767676767677 0.002538288 -0.009483907 0.002272562034280737 -0.01149738992239599 
0.2121212121212121 0.009874539 -0.012021435 0.009276917173643831 -0.01519147022474614 
0.24747474747474746 0.01671351 -0.01439457 0.01567529894138232 -0.01764407921990536 
0.2828282828282828 0.023171822 -0.017504975 0.02154414773378084 -0.01886455492232125 
0.3181818181818182 0.02861767 -0.018996684 0.02713461826145936 -0.01887728387475405 
0.35353535353535354 0.03435859 -0.018743908 0.03280838496744699 -0.01774591289566929 
0.3888888888888889 0.0413754 -0.015975652 0.03894281875250722 -0.01560282786649266 
0.4242424242424242 0.049272664 -0.012610795 0.04581999996856405 -0.01266881545315804 
0.45959595959595956 0.057299465 -0.0090117585 0.05352200679305714 -0.009255188914697642 
0.4949494949494949 0.06560136 -0.005404655 0.0618590796621463 -0.005741558665473133 
0.5303030303030303 0.0729782 -0.002128614 0.07035473145716231 -0.002527938303902234 
0.5656565656565656 0.08072095 0.0006833412 0.07830090638309216 2.902277232683451e-05 
0.601010101010101 0.08616525 0.0025350805 0.08487885359811287 0.001679103722974661 
0.6363636363636364 0.08966874 0.0027923528 0.0893220869664716 0.002325982603627846 
0.6717171717171717 0.091096744 0.0020067152 0.09108318288922043 0.002043214624452207 
0.7070707070707071 0.090711065 0.0010235459 0.08996167052361553 0.001052952186269638 
0.7424242424242424 0.087626465 -0.00028060377 0.08615831342875452 -0.0003288344198847729 
0.7777777777777778 0.08206754 -0.0015974957 0.08023945867416374 -0.001767334363653665 
0.8131313131313131 0.077125795 -0.002529623 0.07301851630833178 -0.002984272981818442 
0.8484848484848484 0.07196987 -0.0028918665 0.06538316537103157 -0.003813866437266986 
0.8838383838383838 0.06572565 -0.003172664 0.05811048331945136 -0.004225203285562324 
0.9191919191919191 0.05989194 -0.0035220888 0.05171482007186599 -0.004307016890657048 
0.9545454545454545 0.05502305 -0.0038737766 0.04636393350263171 -0.004222117406737357 
0.9898989898989898 0.05126354 -0.0044780765 0.04188064882991403 -0.004147301258934602 
1.0252525252525253 0.04754789 -0.004969552 0.03782500266023467 -0.004217666869609091 
1.0606060606060606 0.042518526 -0.005445501 0.03363206983583397 -0.004491052010508305 
1.095959595959596 0.03622414 -0.0059448276 0.02876882713163728 -0.004940317621456077 
1.1313131313131313 0.029008115 -0.006508557 0.02287224946271357 -0.005471714068220977 
1.1666666666666665 0.020827217 -0.0068804417 0.01583921100213663 -0.005959905137494236 
1.202020202020202 0.011894045 -0.006884357 0.007852928344058 -0.006286780475407216 
1.2373737373737372 0.0023294017 -0.006440565 -0.0006539982285234253 -0.00637226111982753 
1.2727272727272727 -0.0070466474 -0.005755326 -0.009086925677505672 -0.006189886191304242 
1.308080808080808 -0.015261969 -0.0054386985 -0.01680536285401128 -0.005765768274169459 
1.3434343434343434 -0.022167636 -0.0049678497 -0.0232429013985342 -0.005164539523236665 
1.3787878787878787 -0.027354838 -0.0043492336 -0.028007016381507 -0.004468481474242815 
1.4141414141414141 -0.03068226 -0.0029795934 -0.03094010492716827 -0.003755596349665047 
1.4494949494949494 -0.031270027 -0.001797827 -0.03213209189141145 -0.003080129204934071 
1.4848484848484849 -0.028396552 -0.0011113342 -0.03188568934266169 -0.002456469652286956 
1.52020202020202 -0.025069783 -0.00039197132 -0.03064596987784816 -0.001846602062600483 
1.5555555555555556 -0.020589551 0.00049591996 -0.02891299350445747 -0.001152757342410007 
1.5909090909090908 -0.016235245 0.0013291389 -0.02715742588475423 -0.0002196952299327523 
1.6262626262626263 -0.015716812 0.0021696575 -0.0257548577110543 0.001147546870205005 
1.6616161616161615 -0.015138319 0.0038609747 -0.02494731420383434 0.00314607108498581 
1.6969696969696968 -0.012251468 0.006554911 -0.02483395702276919 0.00591878201138539 
1.7323232323232323 -0.011883913 0.010490397 -0.02538840278647847 0.009488102800731632 
1.7676767676767675 -0.012597559 0.014952423 -0.02649635568879462 0.01369594586863548 
1.803030303030303 -0.013863631 0.018722173 -0.02800312831264677 0.01817030980790774 
1.8383838383838382 -0.0150400195 0.02019119 -0.02975719583242965 0.02233770622641573 
1.8737373737373737 -0.017137252 0.02521414 -0.0316360554609623 0.02549405683888127 
1.909090909090909 -0.018740641 0.030443775 -0.03354644599272853 0.02693493921990255 
1.9444444444444444 -0.020185793 0.029013012 -0.03540099436965873 0.02612924271491554 
1.9797979797979797 -0.021920754 0.026730634 -0.03708324260872657 0.02289963662766306 
2.015151515151515 -0.023974678 0.022787234 -0.03841823811695915 0.01755524258354276 
2.0505050505050506 -0.025175506 0.016376013 -0.03916419108633581 0.0109181691997608 
2.0858585858585856 -0.026836539 0.009399986 -0.03903317022618204 0.004206208428439592 
2.121212121212121 -0.0281369 0.00406651 -0.03773846391746973 -0.00122198884830068 
2.1565656565656566 -0.028135592 0.0019053053 -0.03505715702774335 -0.004200140688096071 
2.191919191919192 -0.026310543 0.0005150195 -0.03089137073486153 -0.004068091837566137 
2.227272727272727 -0.024607206 0.003257392 -0.02531199553594654 -0.0008642906983306053 
2.2626262626262625 -0.019316921 0.007940574 -0.01857366657624204 0.004666657038832955 
2.297979797979798 -0.012462936 0.015502473 -0.01109732483569191 0.01124974035632711 
2.333333333333333 -0.004465962 0.021633154 -0.003424392715495536 0.01737728581969886 
2.3686868686868685 0.00345454 0.024637176 0.00384780451679459 0.02164094000077701 
2.404040404040404 0.010619173 0.025946463 0.01013741828155132 0.02301934040414863 
2.4393939393939394 0.015973067 0.023668716 0.01494549407808163 0.02106828348174705 
2.4747474747474745 0.018505538 0.017194247 0.01791189297076992 0.0159847673884671 
2.51010101010101 0.018578429 0.008751577 0.01885581073657494 0.008538613327108008 
2.5454545454545454 0.016199436 0.00034224987 0.01779883871088808 -0.0001095776091018519 
2.580808080808081 0.013319377 -0.0072690994 0.01496862358487105 -0.008660073946349128 
2.616161616161616 0.01009448 -0.01293111 0.01078052124661061 -0.015935522388209 
2.6515151515151514 0.008439297 -0.017008184 0.005794884996120075 -0.02109387967560261 
2.686868686868687 0.0018929765 -0.020196343 0.000651112763519146 -0.02375152658255258 
2.7222222222222223 -0.0032104962 -0.02130291 -0.004014817924693048 -0.0240008379662234 
2.7575757575757573 -0.0073095877 -0.020822907 -0.007656379383211481 -0.02233174875352192 
2.792929292929293 -0.00911925 -0.017551906 -0.009889291785484172 -0.01948579688804697 
2.8282828282828283 -0.009400146 -0.013181638 -0.01053543631850955 -0.01628093692518218 
2.8636363636363633 -0.009741498 -0.009338107 -0.009627809002327 -0.01344580450455066 
2.898989898989899 -0.0085226875 -0.007682774 -0.007376153099764776 -0.01149443054161153 
2.9343434343434343 -0.003960846 -0.0071682837 -0.004103218603668662 -0.01065942289984922 
2.9696969696969697 0.0016021347 -0.008114997 -0.000169524744192337 -0.01088707040482828 
3.0050505050505047 0.007686751 -0.009340087 0.004093329352047342 -0.01188600466211048 
3.04040404040404 0.014012215 -0.010276554 0.008425412264378943 -0.01321482508194766 
3.0757575757575757 0.018362898 -0.010314686 0.01265139912146545 -0.0143928742310894 
3.111111111111111 0.01916809 -0.011846902 0.01666843922865746 -0.01501811248706357 
3.146464646464646 0.02119723 -0.013872439 0.02042059074398874 -0.01487316154664342 
3.1818181818181817 0.024927815 -0.014824366 0.02387295057145087 -0.01399635935150344 
3.217171717171717 0.02854463 -0.014364073 0.02699494008723547 -0.01269544672888011 
3.2525252525252526 0.03119707 -0.013417019 0.02975645736251238 -0.01149246997628615 
3.2878787878787876 0.0325822 -0.011260832 0.03213417779016511 -0.01100772435866229 
3.323232323232323 0.03479489 -0.012038557 0.0341207637146257 -0.01181030469860256 
3.3585858585858586 0.036722012 -0.016402328 0.03572742874612376 -0.01427514167567939 
3.3939393939393936 0.03762255 -0.021268593 0.03697281705098907 -0.018487179556106 
3.429292929292929 0.037844986 -0.028221333 0.03785830228039103 -0.02422154011571152 
3.4646464646464645 0.037771046 -0.03629928 0.03833798567853468 -0.03100550486673778 
3.5 0.036216453 -0.042638876 0.03829928298802724 -0.03824004209571918 
